  filter_no_simd: 2.370000 1.700000 1.720000 1.730000
filter_with_simd: 0.940000 0.960000 0.970000 1.020000
   stretch_no_simd: 1.050000 1.050000 1.050000 1.080000
stretch_with_simd1: 3.140000 3.140000 3.150000 3.140000
stretch_with_simd2: 0.860000 0.860000 0.870000 0.870000
