  filter_no_simd: 0.929000 1.224000 1.115000 1.053000
filter_with_simd: 0.265000 0.236000 0.205000 0.350000
   stretch_no_simd: 1.896000 1.749000 1.871000 1.849000
stretch_with_simd2: 0.432000 0.437000 0.543000 0.509000